2015  11   6  16  125.422260   36.264910  125.403674   36.259960  -0.1326  -0.0453  -5.7324   2.2559 
2015  11   6  17  125.425450   36.270510  125.391096   36.260134  -0.1118  -0.0808  -6.3361   1.9806 
2015  11   6  18  125.430050   36.275630  125.378642   36.258875  -0.0915  -0.1185  -6.9122   1.6972 
2015  11   6  19  125.435260   36.281030  125.368032   36.258733  -0.0088  -0.0393  -7.1070   2.0203 
2015  11   6  20  125.440320   36.289710  125.360409   36.261416   0.0722   0.0405  -7.2903   2.3412 
2015  11   6  21  125.444140   36.303590  125.355097   36.266745   0.1488   0.1161  -7.4622   2.6599 
2015  11   6  22  125.443530   36.321080  125.350299   36.274373   0.1210   0.1737  -7.6273   2.9439 
2015  11   6  23  125.441830   36.338470  125.343547   36.284023   0.0933   0.2310  -7.7877   3.1873 
2015  11   7   0  125.435890   36.355110  125.335486   36.295608   0.0679   0.2810  -7.9703   3.4938 
2015  11   7   1  125.424730   36.370330  125.324630   36.306701  -0.0190   0.2056  -8.1525   3.7554 
2015  11   7   2  125.411440   36.382970  125.309878   36.315754  -0.1089   0.1327  -8.3368   4.0410 
2015  11   7   3  125.395290   36.392070  125.291924   36.322969  -0.2013   0.0658  -8.5211   4.3487 
2015  11   7   4  125.374290   36.397640  125.272487   36.328076  -0.1932  -0.0182  -8.6772   4.6527 
2015  11   7   5  125.353690   36.400090  125.253330   36.330758  -0.1831  -0.1040  -8.8250   4.9471 
2015  11   7   6  125.337300   36.398580  125.235173   36.330946  -0.1715  -0.1913  -8.9546   5.2621 
2015  11   7   7  125.323520   36.395210  125.219215   36.331028  -0.0809  -0.1522  -9.0641   5.5592 
2015  11   7   8  125.312700   36.391620  125.206760   36.332664   0.0097  -0.1123  -9.1689   5.8565 
2015  11   7   9  125.305640   36.389550  125.197774   36.335820   0.0994  -0.0733  -9.2747   6.1200 
2015  11   7  10  125.300930   36.389240  125.189053   36.341699   0.1104   0.0331  -9.2592   6.3719 
2015  11   7  11  125.293860   36.392610  125.181511   36.351209   0.1219   0.1388  -9.2903   6.5514 
2015  11   7  12  125.285640   36.402420  125.173191   36.364376   0.1368   0.2461  -9.2664   6.7632 
2015  11   7  13  125.278120   36.416780  125.164901   36.379448   0.0620   0.2408  -8.1963   7.5914 
2015  11   7  14  125.269020   36.432510  125.154235   36.395184  -0.0116   0.2363  -7.1166   8.4528 
2015  11   7  15  125.260030   36.447320  125.141859   36.411623  -0.0845   0.2342  -6.0640   9.2900 
2015  11   7  16  125.249920   36.459880  125.128299   36.426968  -0.1046   0.1504  -5.9699   9.6608 
2015  11   7  17  125.237630   36.467670  125.114686   36.439882  -0.1272   0.0650  -5.8303   9.9930 
2015  11   7  18  125.225180   36.470020  125.100355   36.450391  -0.1496  -0.0193  -5.6460  10.3551 
2015  11   7  19  125.215660   36.469530  125.087863   36.459373  -0.0677  -0.0183  -5.3355   9.3783 
2015  11   7  20  125.211050   36.467880  125.079650   36.467336   0.0139  -0.0205  -5.0960   8.4156 
2015  11   7  21  125.212270   36.467710  125.074950   36.474167   0.0962  -0.0255  -4.9038   7.4446 
2015  11   7  22  125.218080   36.468880  125.071935   36.481288   0.1328   0.0464  -4.7531   6.4651 
2015  11   7  23  125.225990   36.473270  125.071139   36.489718   0.1679   0.1163  -4.7345   5.4273 
2015  11   8   0  125.233630   36.480610  125.071059   36.499461   0.2037   0.1887  -4.6856   4.4181 
2015  11   8   1  125.238320   36.490420  125.069191   36.508913   0.1040   0.1747  -4.8056   3.3474 
2015  11   8   2  125.239910   36.500240  125.063983   36.517008   0.0028   0.1644  -4.8272   2.2769 
2015  11   8   3  125.237430   36.506870  125.054688   36.523906  -0.0991   0.1564  -4.8085   1.2853 
2015  11   8   4  125.228550   36.508660  125.042721   36.527625  -0.1396   0.0418  -4.8092   0.3122 
2015  11   8   5  125.215150   36.505430  125.029926   36.526771  -0.1797  -0.0712  -4.8327  -0.6608 
2015  11   8   6  125.200620   36.498630  125.016466   36.521460  -0.2186  -0.1831  -4.7787  -1.5850 
2015  11   8   7  125.189470   36.490460  125.005394   36.513377  -0.1314  -0.2034  -4.6200  -2.4505 
2015  11   8   8  125.189480   36.483170  124.997372   36.503688  -0.0450  -0.2270  -4.3189  -3.2863 
2015  11   8   9  125.192250   36.474830  124.993891   36.492387   0.0379  -0.2513  -4.1102  -4.1881 
2015  11   8  10  125.196050   36.467930  124.993657   36.482481   0.0927  -0.1452  -3.7608  -4.0627 
2015  11   8  11  125.201350   36.465990  124.994921   36.476018   0.1459  -0.0394  -3.5974  -4.0101 
2015  11   8  12  125.207020   36.470630  124.997984   36.472925   0.1969   0.0670  -3.7812  -4.0458 
2015  11   8  13  125.211920   36.479910  124.999805   36.471944   0.1115   0.1168  -2.6142  -4.4463 
2015  11   8  14  125.212550   36.491430  124.999522   36.472135   0.0253   0.1654  -1.4841  -4.8573 
2015  11   8  15  125.209240   36.502610  124.997141   36.473502  -0.0608   0.2139  -0.3541  -5.2683 
2015  11   8  16  125.203120   36.510370  124.993484   36.473055  -0.1110   0.1132   0.7631  -5.9449 
2015  11   8  17  125.195760   36.512540  124.989871   36.468691  -0.1610   0.0130   1.8684  -6.6375 
2015  11   8  18  125.187030   36.509040  124.985771   36.460383  -0.2088  -0.0891   3.0179  -7.3102 
2015  11   8  19  125.179070   36.502250  124.984060   36.449612  -0.1340  -0.1278   3.1201  -7.4393 
2015  11   8  20  125.174320   36.493660  124.985564   36.437463  -0.0589  -0.1668   3.2567  -7.5544 
2015  11   8  21  125.176010   36.484120  124.990898   36.424035   0.0146  -0.2027   3.3788  -7.6694 
2015  11   8  22  125.185040   36.476530  124.998693   36.411669   0.0933  -0.1176   3.5150  -7.7704 
2015  11   8  23  125.199750   36.472640  125.009660   36.402080   0.1699  -0.0289   3.6064  -7.8737 
2015  11   9   0  125.214400   36.473730  125.023164   36.395426   0.2456   0.0655   3.6839  -7.9615 
2015  11   9   1  125.226780   36.478730  125.036375   36.390559   0.1651   0.0979   3.7408  -8.0353 
2015  11   9   2  125.236600   36.486770  125.045678   36.386499   0.0844   0.1251   3.7812  -8.1236 
2015  11   9   3  125.242000   36.493980  125.052473   36.383136   0.0026   0.1492   3.8062  -8.2146 
2015  11   9   4  125.243210   36.498200  125.056269   36.377791  -0.0683   0.0328   3.8276  -8.3171 
2015  11   9   5  125.241090   36.497880  125.057983   36.368564  -0.1389  -0.0850   3.8408  -8.4192 
2015  11   9   6  125.237550   36.490820  125.056978   36.355409  -0.2069  -0.2041   3.8472  -8.5290 
2015  11   9   7  125.234810   36.478580  125.057052   36.340092  -0.1436  -0.2284   3.8437  -8.6370 
2015  11   9   8  125.235800   36.463800  125.059676   36.323925  -0.0793  -0.2504   3.8221  -8.7379 
2015  11   9   9  125.243050   36.448370  125.064848   36.307014  -0.0144  -0.2706   3.8022  -8.8329 
2015  11   9  10  125.256740   36.434490  125.073444   36.292200   0.0911  -0.1454   4.6962  -8.7740 
2015  11   9  11  125.275100   36.425460  125.087193   36.281435   0.1934  -0.0210   5.5810  -8.7648 
2015  11   9  12  125.296050   36.422420  125.106049   36.274711   0.2946   0.1058   6.4560  -8.8071 
2015  11   9  13  125.312120   36.424660  125.123867   36.270257   0.2173   0.1508   6.5074  -9.2414 
2015  11   9  14  125.323120   36.430150  125.139292   36.266825   0.1375   0.1944   6.5997  -9.6198 
2015  11   9  15  125.327650   36.435170  125.150852   36.264416   0.0545   0.2365   6.6995  -9.9842 
2015  11   9  16  125.324920   36.436700  125.159109   36.260167  -0.0384   0.1147   5.9897  -9.9001 
2015  11   9  17  125.318320   36.432150  125.163506   36.251991  -0.1308  -0.0097   5.2748  -9.8153 
2015  11   9  18  125.310800   36.421100  125.163377   36.239903  -0.2223  -0.1359   4.5530  -9.6940 
2015  11   9  19  125.301710   36.404150  125.162462   36.225521  -0.1693  -0.1779   4.3514  -9.5127 
2015  11   9  20  125.295270   36.383970  125.164099   36.210007  -0.1166  -0.2174   4.1546  -9.3401 
2015  11   9  21  125.294370   36.365200  125.167519   36.193462  -0.0652  -0.2540   3.9418  -9.1548 
2015  11   9  22  125.301010   36.348580  125.174069   36.178891   0.0435  -0.1351   3.7376  -8.9814 
2015  11   9  23  125.312410   36.335880  125.184038   36.168398   0.1516  -0.0118   3.5399  -8.8184 
2015  11  10   0  125.326080   36.329400  125.197452   36.162041   0.2599   0.1133   3.3664  -8.6775 
2015  11  10   1  125.340760   36.327670  125.210865   36.158093   0.1887   0.1459   3.2211  -8.5614 
2015  11  10   2  125.350990   36.328300  125.220549   36.155264   0.1172   0.1770   3.0763  -8.4433 
2015  11  10   3  125.356040   36.328850  125.227203   36.153502   0.0458   0.2065   2.9377  -8.3282 
2015  11  10   4  125.356880   36.327520  125.230929   36.149631  -0.0501   0.0688   2.7988  -8.2170 
2015  11  10   5  125.354550   36.321110  125.231329   36.141368  -0.1464  -0.0705   2.6551  -8.1020 
2015  11  10   6  125.351590   36.308310  125.227742   36.128676  -0.2418  -0.2111   2.5105  -7.9961 
2015  11  10   7  125.347720   36.290890  125.224308   36.113544  -0.1903  -0.2444   2.3708  -7.9064 
2015  11  10   8  125.349450   36.269260  125.222073   36.097483  -0.1390  -0.2758   2.2312  -7.8146 
2015  11  10   9  125.358510   36.247250  125.222424   36.080607  -0.0874  -0.3035   2.0998  -7.7404 
2015  11  10  10  125.374960   36.227970  125.226737   36.066816   0.0385  -0.1375   2.4440  -7.2931 
2015  11  10  11  125.398740   36.214930  125.235128   36.058867   0.1642   0.0315   2.7852  -6.8622 
2015  11  10  12  125.426640   36.207520  125.249084   36.056730   0.2933   0.1977   3.1251  -6.4099 
2015  11  10  13  125.452370   36.206430  125.263237   36.057978   0.2338   0.2506   3.0732  -6.4060 
2015  11  10  14  125.477500   36.212970  125.274105   36.060937   0.1705   0.3027   3.0302  -6.3735 
2015  11  10  15  125.495750   36.223260  125.282343   36.065659   0.1053   0.3559   2.9929  -6.3293 
2015  11  10  16  125.505080   36.229810  125.287077   36.068277  -0.0130   0.2126   2.5331  -6.5888 
2015  11  10  17  125.508320   36.230310  125.286527   36.065950  -0.1313   0.0672   2.0703  -6.8517 
2015  11  10  18  125.505090   36.222260  125.281389   36.058600  -0.2495  -0.0781   1.6048  -7.1317 
2015  11  10  19  125.499140   36.205160  125.275576   36.047859  -0.2095  -0.1483   1.4428  -7.0123 
2015  11  10  20  125.492910   36.182690  125.271820   36.034975  -0.1698  -0.2178   1.2779  -6.8928 
2015  11  10  21  125.486670   36.160370  125.268671   36.020050  -0.1328  -0.2849   1.1117  -6.7733 
2015  11  10  22  125.485650   36.141210  125.269635   36.007042  -0.0031  -0.1454   0.9537  -6.6335 
2015  11  10  23  125.489730   36.128780  125.274165   35.998797   0.1244  -0.0005   0.7977  -6.4995 
2015  11  11   0  125.497670   36.123500  125.283576   35.995461   0.2514   0.1470   0.6520  -6.3510 
2015  11  11   1  125.507380   36.123420  125.293241   35.995115   0.2069   0.1933   0.5125  -6.2023 
2015  11  11   2  125.514310   36.125710  125.301079   35.996334   0.1658   0.2367   0.3709  -6.0608 
2015  11  11   3  125.513020   36.129280  125.306602   35.999513   0.1254   0.2815   0.2396  -5.9281 
