2015  11   6  18  125.729390   36.578210  125.730206   36.576607  -0.0972  -0.2248  -2.6969   2.0327 
2015  11   6  19  125.719550   36.575410  125.724470   36.573407  -0.0063  -0.1183  -3.4135   2.0351 
2015  11   6  20  125.711300   36.576860  125.721273   36.573829   0.0907  -0.0103  -4.1103   2.0470 
2015  11   6  21  125.708030   36.582880  125.721096   36.577833   0.2022   0.1056  -4.7522   2.1010 
2015  11   6  22  125.709050   36.594980  125.721997   36.584765   0.1969   0.1787  -5.2772   2.1692 
2015  11   6  23  125.709440   36.610920  125.721888   36.594170   0.2003   0.2501  -5.8076   2.2290 
2015  11   7   0  125.708210   36.621760  125.721736   36.605739   0.2130   0.3197  -6.3471   2.2912 
2015  11   7   1  125.698960   36.628700  125.718530   36.615140   0.0987   0.1965  -6.9039   2.3413 
2015  11   7   2  125.683720   36.633840  125.709362   36.619971  -0.0238   0.0681  -7.4778   2.3792 
2015  11   7   3  125.663260   36.640140  125.691876   36.623324  -0.2200   0.0050  -8.1480   2.4275 
2015  11   7   4  125.640780   36.641430  125.672226   36.625267  -0.1910  -0.0141  -8.8280   2.4815 
2015  11   7   5  125.615100   36.638690  125.654173   36.621543  -0.1157  -0.2265  -9.5027   2.5506 
2015  11   7   6  125.590900   36.632390  125.634492   36.613751  -0.1681  -0.3977 -10.0804   2.6067 
2015  11   7   7  125.570080   36.628640  125.615117   36.607347  -0.1067  -0.2712 -10.5974   2.6776 
2015  11   7   8  125.562790   36.626600  125.598898   36.604174  -0.0030  -0.1622 -11.0911   2.7686 
2015  11   7   9  125.561870   36.627950  125.585899   36.604351   0.0845  -0.0832 -11.5548   2.8379 
2015  11   7  10  125.556750   36.631810  125.575435   36.609466   0.1107   0.1121 -11.4405   3.5425 
2015  11   7  11  125.546810   36.634980  125.564097   36.615925   0.1422   0.0642 -11.3247   4.2340 
2015  11   7  12  125.536680   36.646050  125.549452   36.624449   0.0034   0.2878 -11.1890   4.9304 
2015  11   7  13  125.525120   36.662740  125.535250   36.636768  -0.0380   0.2116 -10.3494   5.2977 
2015  11   7  14  125.509290   36.681120  125.519764   36.649802  -0.1079   0.2127  -9.5897   5.5668 
2015  11   7  15  125.491040   36.695860  125.501153   36.663460  -0.2119   0.2365  -8.7951   5.8801 
2015  11   7  16  125.469800   36.704440  125.481100   36.674814  -0.2332   0.1071  -8.3760   6.1301 
2015  11   7  17  125.444080   36.708510  125.460749   36.682380  -0.2587  -0.0139  -7.8670   6.3351 
2015  11   7  18  125.420690   36.708580  125.440684   36.686167  -0.2825  -0.1387  -7.2616   6.4789 
2015  11   7  19  125.401650   36.705210  125.423716   36.688539  -0.1673  -0.1058  -7.1116   5.6981 
2015  11   7  20  125.389880   36.699730  125.411126   36.690867  -0.0596  -0.0838  -6.9776   4.9524 
2015  11   7  21  125.385260   36.694660  125.402109   36.692844   0.0474  -0.0716  -6.8550   4.2038 
2015  11   7  22  125.387730   36.692990  125.397206   36.696313   0.1182   0.0410  -6.8151   3.4330 
2015  11   7  23  125.392850   36.695650  125.394402   36.702599   0.1860   0.1509  -6.7691   2.6948 
2015  11   8   0  125.396280   36.702550  125.393703   36.711659   0.2554   0.2585  -6.7549   1.9345 
2015  11   8   1  125.394910   36.711950  125.391523   36.721064   0.1461   0.2385  -6.8067   1.1721 
2015  11   8   2  125.386860   36.722060  125.385414   36.729117   0.0325   0.2201  -6.8776   0.4278 
2015  11   8   3  125.376270   36.729730  125.374593   36.735896  -0.0838   0.2024  -6.9128  -0.3000 
2015  11   8   4  125.359600   36.732730  125.359954   36.739069  -0.1606   0.0588  -6.9513  -1.0291 
2015  11   8   5  125.339080   36.731420  125.342937   36.736990  -0.2362  -0.0809  -7.0016  -1.7594 
2015  11   8   6  125.318120   36.725210  125.324360   36.729685  -0.3106  -0.2187  -7.0242  -2.4819 
2015  11   8   7  125.299440   36.714260  125.306304   36.719506  -0.2083  -0.2351  -6.9515  -3.2117 
2015  11   8   8  125.284210   36.699780  125.293675   36.708104  -0.1096  -0.2501  -6.9458  -3.9422 
2015  11   8   9  125.274170   36.685920  125.284406   36.695466  -0.0122  -0.2664  -6.8102  -4.7115 
2015  11   8  10  125.266640   36.674340  125.279399   36.684762   0.0814  -0.1358  -6.3361  -4.6524 
2015  11   8  11  125.261850   36.668690  125.277946   36.678290   0.1739  -0.0069  -5.8681  -4.5649 
2015  11   8  12  125.259110   36.670310  125.279885   36.676133   0.2634   0.1246  -5.4595  -4.4523 
2015  11   8  13  125.255150   36.678740  125.282104   36.676833   0.1690   0.1758  -4.2789  -4.4346 
2015  11   8  14  125.247700   36.690420  125.281929   36.679240   0.0745   0.2270  -3.0983  -4.4169 
2015  11   8  15  125.237170   36.702350  125.278642   36.683264  -0.0200   0.2782  -1.9178  -4.3992 
2015  11   8  16  125.225000   36.710500  125.273903   36.684992  -0.1030   0.1464  -0.7389  -5.2638 
2015  11   8  17  125.214360   36.712460  125.267192   36.681691  -0.1889   0.0155   0.4970  -6.1241 
2015  11   8  18  125.203470   36.706290  125.259982   36.673446  -0.2751  -0.1133   1.7188  -6.9714 
2015  11   8  19  125.192940   36.696990  125.254236   36.662312  -0.1926  -0.1540   1.9886  -7.0745 
2015  11   8  20  125.186910   36.683170  125.252203   36.649703  -0.1104  -0.1965   2.2523  -7.1774 
2015  11   8  21  125.187920   36.666590  125.254451   36.635548  -0.0299  -0.2415   2.5066  -7.2778 
2015  11   8  22  125.195670   36.651250  125.260168   36.622688   0.0776  -0.1348   2.7746  -7.3706 
2015  11   8  23  125.208690   36.638830  125.270288   36.613297   0.1795  -0.0244   2.9903  -7.4696 
2015  11   9   0  125.221840   36.632850  125.284112   36.607488   0.2789   0.0898   3.1894  -7.5619 
2015  11   9   1  125.233090   36.634920  125.297311   36.604018   0.1910   0.1366   3.3456  -7.6574 
2015  11   9   2  125.241510   36.641610  125.307850   36.601875   0.1048   0.1804   3.4560  -7.7744 
2015  11   9   3  125.250050   36.649140  125.314302   36.601018   0.0174   0.2239   3.5647  -7.8823 
2015  11   9   4  125.256710   36.653430  125.317239   36.597842  -0.0745   0.0766   3.6487  -8.0109 
2015  11   9   5  125.255670   36.649260  125.317908   36.589759  -0.1662  -0.0724   3.7281  -8.1405 
2015  11   9   6  125.250170   36.639690  125.314904   36.576780  -0.2582  -0.2214   3.7849  -8.2599 
2015  11   9   7  125.244660   36.624080  125.312584   36.560915  -0.1939  -0.2640   3.8258  -8.3868 
2015  11   9   8  125.242520   36.604910  125.312992   36.543677  -0.1282  -0.3058   3.8318  -8.4949 
2015  11   9   9  125.249740   36.586350  125.316226   36.525099  -0.0574  -0.3429   3.8124  -8.6070 
2015  11   9  10  125.264940   36.569230  125.324208   36.508713   0.0659  -0.1986   4.6714  -8.4979 
2015  11   9  11  125.285090   36.557120  125.338343   36.496830   0.1929  -0.0610   5.5381  -8.4459 
2015  11   9  12  125.308470   36.551250  125.357379   36.489175   0.3184   0.0711   6.4369  -8.4603 
2015  11   9  13  125.330570   36.550500  125.377055   36.484517   0.2353   0.1429   6.5333  -8.6907 
2015  11   9  14  125.346730   36.552010  125.392152   36.482184   0.1329   0.2219   6.6501  -8.8964 
2015  11   9  15  125.359340   36.555930  125.403098   36.482221   0.0248   0.3009   6.7828  -9.0611 
2015  11   9  16  125.365740   36.558280  125.410061   36.480249  -0.0804   0.1567   6.1521  -9.5215 
2015  11   9  17  125.368000   36.555580  125.412042   36.473109  -0.1854   0.0107   5.5229  -9.9929 
2015  11   9  18  125.366970   36.546050  125.409794   36.460827  -0.2903  -0.1362   4.8951 -10.4482 
2015  11   9  19  125.364340   36.531310  125.407909   36.445332  -0.2125  -0.2009   4.7347 -10.1929 
2015  11   9  20  125.362050   36.512120  125.408828   36.428024  -0.1376  -0.2651   4.5708  -9.9216 
