2015  11   6   9   -0.006460   -0.003860   -0.000164   -0.000425   0.1770  -0.0933  -6.2055  -0.1881 
2015  11   6  10   -0.004130    0.000000   -0.001273   -0.000656   0.1339  -0.0046  -5.6724   0.5072 
2015  11   6  11   -0.005710    0.006600   -0.002522    0.002453   0.0909   0.0841  -5.1393   1.2025 
2015  11   6  12   -0.008300    0.010590   -0.004959    0.005989   0.0481   0.1726  -4.6124   1.8818 
2015  11   6  13   -0.010070    0.014190   -0.006590    0.007608  -0.0162   0.1516  -5.1553   2.8292 
2015  11   6  14   -0.012930    0.015170   -0.009965    0.007914  -0.0849   0.1319  -5.6652   3.7746 
2015  11   6  15   -0.015240    0.013700   -0.014103    0.008327  -0.1547   0.1153  -6.1935   4.7362 
2015  11   6  16   -0.018350    0.011020   -0.014704    0.007647  -0.1330   0.0689  -6.7202   4.6976 
2015  11   6  17   -0.020800    0.011160   -0.014513    0.006121  -0.1125   0.0234  -7.2467   4.6790 
2015  11   6  18   -0.019100    0.010400   -0.014352    0.004604  -0.0935  -0.0223  -7.7379   4.6852 
2015  11   6  19   -0.013730    0.009160   -0.012398    0.004567  -0.0065   0.0058  -7.9255   4.7885 
2015  11   6  20   -0.008160    0.010140   -0.009171    0.005471   0.0794   0.0313  -8.1085   4.8912 
2015  11   6  21   -0.002540    0.011520   -0.005940    0.006267   0.1645   0.0537  -8.2875   4.9909 
2015  11   6  22   -0.000890    0.014210   -0.005196    0.007827   0.1434   0.1198  -8.4634   5.0650 
2015  11   6  23    0.000180    0.015410   -0.006996    0.009943   0.1217   0.1852  -8.6394   5.1358 
2015  11   7   0   -0.001460    0.017360   -0.008143    0.012017   0.0996   0.2481  -8.8257   5.1886 
2015  11   7   1   -0.005320    0.018770   -0.011767    0.012521   0.0042   0.2255  -9.0096   5.2565 
2015  11   7   2   -0.010010    0.018240   -0.015215    0.012102  -0.0938   0.2100  -9.2089   5.2961 
2015  11   7   3   -0.014310    0.015120   -0.019426    0.011975  -0.1931   0.2031  -9.3840   5.3746 
2015  11   7   4   -0.018950    0.012300   -0.021104    0.010546  -0.1868   0.1226  -9.5573   5.4487 
2015  11   7   5   -0.019870    0.009260   -0.020203    0.008009  -0.1784   0.0415  -9.7137   5.5427 
2015  11   7   6   -0.018370    0.007880   -0.019963    0.005506  -0.1687  -0.0396  -9.8411   5.6621 
2015  11   7   7   -0.014380    0.003550   -0.017606    0.003940  -0.0706  -0.0712  -9.9768   5.7567 
2015  11   7   8   -0.011450    0.001750   -0.013802    0.002974   0.0274  -0.1053 -10.1070   5.8549 
2015  11   7   9   -0.007890    0.002780   -0.009364    0.001920   0.1237  -0.1397 -10.2328   5.9597 
2015  11   7  10   -0.005720    0.006090   -0.008116    0.003409   0.1362  -0.0472  -9.9783   6.3023 
2015  11   7  11   -0.004110    0.008600   -0.007311    0.006641   0.1489   0.0449  -9.7335   6.6266 
2015  11   7  12   -0.005940    0.014480   -0.006484    0.009798   0.1629   0.1345  -9.5160   6.9212 
2015  11   7  13   -0.008800    0.020450   -0.008694    0.011606   0.0819   0.1853  -8.3125   6.1975 
2015  11   7  14   -0.011780    0.022940   -0.009853    0.012498   0.0031   0.2378  -7.2667   5.3354 
2015  11   7  15   -0.016620    0.022290   -0.011849    0.013382  -0.0757   0.2926  -6.2563   4.4484 
2015  11   7  16   -0.018650    0.019870   -0.013023    0.012556  -0.0956   0.2234  -6.0103   4.6764 
2015  11   7  17   -0.018740    0.016340   -0.013517    0.010484  -0.1168   0.1540  -5.6844   4.8400 
2015  11   7  18   -0.016870    0.011370   -0.013974    0.008437  -0.1407   0.0870  -5.2579   4.9507 
2015  11   7  19   -0.012580    0.004460   -0.011645    0.006099  -0.0609   0.0278  -5.4923   4.0818 
2015  11   7  20   -0.006120   -0.002400   -0.008507    0.003490   0.0221  -0.0322  -5.7305   3.3758 
2015  11   7  21   -0.000510   -0.008480   -0.004628    0.000730   0.1071  -0.0955  -5.9652   2.6769 
2015  11   7  22    0.002510   -0.011190   -0.002546    0.000113   0.1449  -0.0486  -6.1447   2.0545 
2015  11   7  23    0.002000   -0.011250   -0.001277    0.000987   0.1820  -0.0021  -6.3376   1.4103 
2015  11   8   0   -0.001830   -0.007430   -0.000028    0.001839   0.2191   0.0445  -6.5306   0.7660 
2015  11   8   1   -0.007450   -0.001970   -0.002808    0.002726   0.1174   0.0939  -6.7235   0.1218 
2015  11   8   2   -0.015280    0.002380   -0.006421    0.003680   0.0158   0.1426  -6.9548  -0.5735 
2015  11   8   3   -0.019930    0.004810   -0.011526    0.004671  -0.0862   0.1931  -7.1340  -1.2026 
2015  11   8   4   -0.023670    0.005390   -0.014566    0.003347  -0.1337   0.1185  -7.3475  -1.8806 
2015  11   8   5   -0.025850    0.006390   -0.015864    0.000386  -0.1794   0.0466  -7.5485  -2.5521 
2015  11   8   6   -0.025090    0.003880   -0.017047   -0.002545  -0.2229  -0.0252  -7.7112  -3.1850 
2015  11   8   7   -0.021790   -0.000980   -0.016021   -0.005689  -0.1423  -0.1087  -7.8490  -3.7979 
2015  11   8   8   -0.016710   -0.005220   -0.013136   -0.009058  -0.0660  -0.1935  -7.9996  -4.4338 
2015  11   8   9   -0.011300   -0.009400   -0.009667   -0.012435   0.0064  -0.2791  -8.1683  -5.0882 
2015  11   8  10   -0.005800   -0.011330   -0.006444   -0.012466   0.0541  -0.2173  -7.8189  -4.7428 
2015  11   8  11   -0.002260   -0.009670   -0.005691   -0.010165   0.0990  -0.1543  -7.4536  -4.4293 
2015  11   8  12    0.000590   -0.005590   -0.002739   -0.007906   0.1450  -0.0937  -7.1575  -4.1512 
2015  11   8  13   -0.001000   -0.000880   -0.003070   -0.005229   0.0715   0.0130  -5.4326  -4.5554 
2015  11   8  14   -0.002650    0.002850   -0.004581   -0.002292   0.0004   0.1154  -3.6948  -4.9571 
2015  11   8  15   -0.004690    0.006060   -0.005274    0.000610  -0.0687   0.2166  -1.9666  -5.3497 
2015  11   8  16   -0.007160    0.006260   -0.006337    0.000413  -0.1198   0.1697  -1.3634  -6.2758 
2015  11   8  17   -0.009220    0.002920   -0.007676   -0.001992  -0.1709   0.1237  -0.7697  -7.2115 
2015  11   8  18   -0.012810   -0.000620   -0.008242   -0.004421  -0.2218   0.0784  -0.1856  -8.1568 
2015  11   8  19   -0.013220   -0.004660   -0.006204   -0.007233  -0.1567  -0.0135   0.2651  -8.3014 
2015  11   8  20   -0.010950   -0.008430   -0.003866   -0.010271  -0.0941  -0.1039   0.7373  -8.4288 
2015  11   8  21   -0.005300   -0.011890    0.000691   -0.013227  -0.0312  -0.1917   1.1688  -8.5455 
2015  11   8  22    0.001250   -0.013370    0.002975   -0.014027   0.0316  -0.1674   1.6372  -8.6537 
2015  11   8  23    0.008910   -0.014620    0.006769   -0.013257   0.0942  -0.1419   2.0659  -8.7639 
2015  11   9   0    0.013490   -0.013660    0.008976   -0.012365   0.1535  -0.1111   2.4946  -8.8537 
2015  11   9   1    0.012040   -0.008010    0.008763   -0.010451   0.0803  -0.0282   2.8880  -8.9336 
2015  11   9   2    0.009360   -0.001650    0.005521   -0.007972   0.0071   0.0526   3.2653  -9.0123 
2015  11   9   3    0.005710    0.003000    0.003045   -0.005587  -0.0650   0.1292   3.6239  -9.1089 
2015  11   9   4    0.002950    0.003910    0.000845   -0.005610  -0.1254   0.0794   3.9763  -9.2182 
2015  11   9   5   -0.001710    0.002900   -0.000244   -0.007358  -0.1853   0.0286   4.3210  -9.3269 
2015  11   9   6   -0.003470    0.000480   -0.002697   -0.009146  -0.2452  -0.0241   4.6505  -9.4284 
2015  11   9   7   -0.000100   -0.003360   -0.001067   -0.011403  -0.1826  -0.0996   4.9761  -9.5356 
2015  11   9   8    0.004010   -0.008890    0.002551   -0.013858  -0.1207  -0.1728   5.2785  -9.6345 
2015  11   9   9    0.009600   -0.013010    0.005415   -0.016140  -0.0590  -0.2413   5.5453  -9.7238 
2015  11   9  10    0.014640   -0.015180    0.007949   -0.015370   0.0206  -0.1754   5.7414  -8.9645 
2015  11   9  11    0.019670   -0.014980    0.012335   -0.012485   0.1007  -0.1090   5.9981  -8.2533 
2015  11   9  12    0.021240   -0.010890    0.014587   -0.009601   0.1870  -0.0367   6.3055  -7.5990 
2015  11   9  13    0.018420   -0.007470    0.015726   -0.006897   0.1345   0.0611   6.3368  -8.2325 
2015  11   9  14    0.014540   -0.002710    0.012204   -0.004393   0.0870   0.1591   6.3838  -8.8731 
2015  11   9  15    0.007880   -0.001230    0.010816   -0.001980   0.0289   0.2522   6.4166  -9.4809 
2015  11   9  16    0.000650    0.000320    0.007065   -0.002217  -0.0376   0.1958   5.8722  -9.7796 
2015  11   9  17   -0.004830    0.001400    0.004336   -0.004381  -0.1103   0.1377   5.3182 -10.0673 
2015  11   9  18   -0.006790   -0.000310    0.000913   -0.006599  -0.1777   0.0775   4.7640 -10.3434 
2015  11   9  19   -0.009120   -0.003470    0.001268   -0.009044  -0.1342  -0.0077   4.6540 -10.2116 
2015  11   9  20   -0.006100   -0.008170    0.003015   -0.011606  -0.0864  -0.0911   4.5423 -10.0677 
2015  11   9  21   -0.001670   -0.012680    0.004793   -0.014109  -0.0400  -0.1714   4.4259  -9.9267 
2015  11   9  22    0.004580   -0.015300    0.008399   -0.014135   0.0533  -0.1247   4.3062  -9.7865 
2015  11   9  23    0.008160   -0.015840    0.011240   -0.012319   0.1481  -0.0727   4.1804  -9.6346 
2015  11  10   0    0.010770   -0.012390    0.014657   -0.010467   0.2379  -0.0196   4.0458  -9.4901 
2015  11  10   1    0.012230   -0.007670    0.014691   -0.008159   0.1871   0.0597   3.8989  -9.3485 
2015  11  10   2    0.011290   -0.002930    0.011591   -0.005517   0.1332   0.1384   3.7451  -9.2049 
2015  11  10   3    0.006710    0.000550    0.008534   -0.002992   0.0803   0.2131   3.6042  -9.0706 
2015  11  10   4    0.002210    0.002030    0.006173   -0.003318  -0.0073   0.1336   3.4735  -8.9379 
2015  11  10   5    0.000270    0.000730    0.002534   -0.005666  -0.0949   0.0562   3.3366  -8.8102 
2015  11  10   6   -0.002030   -0.001240   -0.001111   -0.008119  -0.1811  -0.0210   3.2010  -8.6924 
2015  11  10   7   -0.001090   -0.006390   -0.001083   -0.010407  -0.1426  -0.0930   3.0637  -8.5767 
2015  11  10   8    0.001040   -0.011560    0.000213   -0.012658  -0.1053  -0.1655   2.9118  -8.4651 
2015  11  10   9    0.004240   -0.015720    0.002178   -0.014838  -0.0687  -0.2351   2.7565  -8.3578 
2015  11  10  10    0.008230   -0.018190    0.004334   -0.013949   0.0321  -0.1492   2.7631  -8.1430 
2015  11  10  11    0.012070   -0.017340    0.008433   -0.010843   0.1327  -0.0611   2.8092  -7.8983 
2015  11  10  12    0.014720   -0.013880    0.012500   -0.007611   0.2326   0.0307   2.8799  -7.6333 
2015  11  10  13    0.013750   -0.007840    0.012507   -0.004428   0.1895   0.1293   2.8728  -7.6836 
2015  11  10  14    0.010030   -0.000980    0.010021   -0.001354   0.1458   0.2283   2.8530  -7.7522 
2015  11  10  15    0.005190    0.003670    0.008153    0.001655   0.0986   0.3233   2.8314  -7.8226 
2015  11  10  16    0.000660    0.004920    0.003992    0.001195  -0.0017   0.2419   2.4769  -8.0947 
2015  11  10  17   -0.004890    0.003410    0.001027   -0.001701  -0.1030   0.1596   2.1251  -8.3734 
2015  11  10  18   -0.008850    0.000830   -0.004060   -0.004603  -0.2007   0.0775   1.7659  -8.6625 
2015  11  10  19   -0.009680   -0.002500   -0.003987   -0.007468  -0.1759  -0.0168   1.4997  -8.3995 
2015  11  10  20   -0.008510   -0.007430   -0.003315   -0.010294  -0.1509  -0.1133   1.2329  -8.1240 
2015  11  10  21   -0.004610   -0.011780   -0.002704   -0.013074  -0.1273  -0.2073   0.9645  -7.8628 
2015  11  10  22    0.001300   -0.014570   -0.000174   -0.012787  -0.0226  -0.1421   0.7017  -7.5914 
2015  11  10  23    0.006280   -0.014370    0.003837   -0.010152   0.0835  -0.0714   0.4413  -7.3219 
2015  11  11   0    0.011050   -0.012050    0.007109   -0.007510   0.1934   0.0087   0.1809  -7.0551 
2015  11  11   1    0.011730   -0.007320    0.007958   -0.004791   0.1669   0.0862  -0.0651  -6.7609 
2015  11  11   2    0.009510   -0.002190    0.006613   -0.001976   0.1423   0.1685  -0.3142  -6.4807 
2015  11  11   3    0.006580    0.001190    0.004651    0.000887   0.1190   0.2494  -0.5607  -6.2010 
2015  11  11   4    0.002580    0.002820    0.000816    0.000568   0.0141   0.1605  -0.8064  -5.9183 
2015  11  11   5   -0.002520    0.002040   -0.002321   -0.001973  -0.0927   0.0745  -1.0627  -5.6456 
2015  11  11   6   -0.006850   -0.000450   -0.006834   -0.004522  -0.1994  -0.0136  -1.3133  -5.3809 
2015  11  11   7   -0.009120   -0.004200   -0.008245   -0.007050  -0.1755  -0.1000  -1.5721  -5.1315 
2015  11  11   8   -0.006750   -0.009410   -0.006803   -0.009448  -0.1488  -0.1821  -1.8404  -4.8982 
2015  11  11   9   -0.005340   -0.014380   -0.006040   -0.011779  -0.1203  -0.2613  -2.0913  -4.6587 
2015  11  11  10   -0.000860   -0.016770   -0.002998   -0.010432  -0.0119  -0.1585  -1.8428  -4.4626 
2015  11  11  11    0.005660   -0.015970    0.000756   -0.006904   0.0913  -0.0543  -1.5829  -4.2652 
2015  11  11  12    0.009380   -0.012470    0.004528   -0.003308   0.1950   0.0507  -1.3235  -4.0494 
2015  11  11  13    0.011050   -0.006580    0.005907    0.000110   0.1772   0.1549  -1.4672  -4.1601 
2015  11  11  14    0.010300   -0.000680    0.005019    0.003360   0.1591   0.2594  -1.6155  -4.2659 
2015  11  11  15    0.005660    0.003700    0.003405    0.006615   0.1409   0.3643  -1.7684  -4.3669 
2015  11  11  16   -0.000830    0.007360   -0.000385    0.006396   0.0354   0.2849  -2.0420  -4.4551 
2015  11  11  17   -0.007450    0.008390   -0.003685    0.003757  -0.0743   0.2062  -2.2885  -4.5637 
2015  11  11  18   -0.012180    0.006390   -0.008559    0.001117  -0.1870   0.1273  -2.5613  -4.6580 
2015  11  11  19   -0.014040    0.001920   -0.010523   -0.002090  -0.1834   0.0087  -2.5992  -4.4988 
2015  11  11  20   -0.014010   -0.003070   -0.009472   -0.005697  -0.1744  -0.1074  -2.6435  -4.3337 
2015  11  11  21   -0.010460   -0.007820   -0.008390   -0.009301  -0.1643  -0.2237  -2.6921  -4.1631 
2015  11  11  22   -0.006860   -0.010440   -0.006643   -0.009665  -0.0626  -0.1690  -2.7460  -3.9903 
2015  11  11  23    0.000820   -0.011360   -0.001902   -0.007672   0.0389  -0.1129  -2.7920  -3.8153 
2015  11  12   0    0.006890   -0.010450    0.001371   -0.005623   0.1401  -0.0533  -2.8479  -3.6481 
2015  11  12   1    0.011490   -0.006980    0.002413   -0.002914   0.1452   0.0403  -2.8927  -3.4808 
2015  11  12   2    0.013420   -0.000540    0.002609    0.000222   0.1509   0.1318  -2.9300  -3.3130 
2015  11  12   3    0.009880    0.002880    0.002793    0.003338   0.1570   0.2238  -2.9747  -3.1523 
2015  11  12   4    0.004730    0.003970   -0.000426    0.003342   0.0479   0.1504  -3.0123  -2.9852 
2015  11  12   5   -0.002220    0.003440   -0.004116    0.001159  -0.0612   0.0778  -3.0506  -2.8161 
2015  11  12   6   -0.008570    0.001570   -0.008507   -0.000992  -0.1705   0.0054  -3.0899  -2.6486 
2015  11  12   7   -0.012300   -0.002730   -0.009459   -0.003720  -0.1638  -0.0970  -3.1118  -2.4601 
2015  11  12   8   -0.013790   -0.008220   -0.009234   -0.006880  -0.1576  -0.1998  -3.1280  -2.2735 
2015  11  12   9   -0.012550   -0.012050   -0.008287   -0.010021  -0.1521  -0.3025  -3.1497  -2.0975 
2015  11  12  10   -0.010320   -0.013940   -0.006791   -0.009216  -0.0493  -0.2110  -3.4795  -1.3942 
2015  11  12  11   -0.007030   -0.013780   -0.003188   -0.005532   0.0517  -0.1174  -3.8460  -0.7117 
2015  11  12  12   -0.002780   -0.009420    0.000362   -0.001823   0.1513  -0.0224  -4.2338  -0.0437 
2015  11  12  13    0.000750   -0.003020    0.000926    0.002396   0.1654   0.1063  -3.9064   0.4531 
2015  11  12  14    0.001380    0.003570    0.001900    0.006971   0.1797   0.2312  -3.5852   1.0048 
2015  11  12  15   -0.000760    0.009820    0.002194    0.011543   0.1939   0.3569  -3.2463   1.5372 
2015  11  12  16   -0.001310    0.013460    0.000281    0.012097   0.0818   0.2984  -2.8529   1.0880 
2015  11  12  17   -0.002130    0.013250   -0.003784    0.009931  -0.0312   0.2436  -2.4610   0.6787 
2015  11  12  18   -0.006230    0.011170   -0.007151    0.007947  -0.1450   0.1933  -2.0703   0.3093 
2015  11  12  19   -0.008510    0.007190   -0.009462    0.004781  -0.1588   0.0606  -2.4689   0.4921 
2015  11  12  20   -0.010290    0.001110   -0.009757    0.000662  -0.1721  -0.0707  -2.8762   0.6774 
2015  11  12  21   -0.010050   -0.005770   -0.010772   -0.003482  -0.1848  -0.2029  -3.2978   0.8326 
2015  11  12  22   -0.008190   -0.011690   -0.008524   -0.004773  -0.0891  -0.1823  -3.7126   0.9857 
2015  11  12  23   -0.004080   -0.014810   -0.005250   -0.004009   0.0051  -0.1630  -4.1272   1.1086 
2015  11  13   0   -0.001020   -0.014360   -0.002756   -0.003247   0.0978  -0.1423  -4.5361   1.2335 
2015  11  13   1    0.002540   -0.010760   -0.000137   -0.000952   0.1327  -0.0418  -4.9265   1.3780 
2015  11  13   2    0.002640   -0.002170   -0.000653    0.002420   0.1675   0.0598  -5.3314   1.4928 
2015  11  13   3    0.000480    0.003750    0.000320    0.005786   0.2035   0.1587  -5.7125   1.6609 
2015  11  13   4   -0.005130    0.009510   -0.001954    0.006556   0.0998   0.1205  -6.0960   1.8151 
2015  11  13   5   -0.011040    0.012930   -0.006572    0.005525  -0.0043   0.0842  -6.4819   1.9663 
2015  11  13   6   -0.016080    0.013500   -0.011154    0.004558  -0.1081   0.0500  -6.8566   2.1105 
2015  11  13   7   -0.019430    0.012230   -0.012936    0.002117  -0.1243  -0.0625  -7.2140   2.2431 
2015  11  13   8   -0.020450    0.010070   -0.014003   -0.001393  -0.1400  -0.1746  -7.5541   2.3563 
2015  11  13   9   -0.020430    0.004330   -0.014260   -0.004989  -0.1565  -0.2856  -7.9027   2.4711 
2015  11  13  10   -0.017700    0.000770   -0.012793   -0.006741  -0.0668  -0.2355  -8.4684   1.2834 
2015  11  13  11   -0.013560   -0.001590   -0.010057   -0.006287   0.0202  -0.1855  -9.0877   0.0900 
2015  11  13  12   -0.007640   -0.002460   -0.007455   -0.005810   0.1052  -0.1345  -9.7428  -1.1175 
2015  11  13  13   -0.001880   -0.001130   -0.005911   -0.002818   0.1413   0.0063 -10.2766  -0.8672 
2015  11  13  14    0.000710    0.001380   -0.006550    0.001905   0.1773   0.1463 -10.7929  -0.6162 
2015  11  13  15    0.000550    0.006370   -0.005640    0.006582   0.2135   0.2819 -11.2464  -0.3544 
2015  11  13  16   -0.004060    0.011580   -0.007567    0.008290   0.1088   0.2731 -11.0237  -0.4813 
2015  11  13  17   -0.008590    0.013450   -0.012249    0.007958   0.0044   0.2667 -10.8021  -0.6151 
2015  11  13  18   -0.011640    0.013830   -0.015792    0.007940  -0.1009   0.2649 -10.5653  -0.7630 
2015  11  13  19   -0.015810    0.010430   -0.018088    0.005567  -0.1532   0.1428  -9.7895  -1.2082 
2015  11  13  20   -0.018080    0.004040   -0.017580    0.000864  -0.1915   0.0187  -9.0235  -1.6558 
2015  11  13  21   -0.020120   -0.000570   -0.017741   -0.003874  -0.2184  -0.1119  -8.2714  -2.1029 
2015  11  13  22   -0.018810   -0.005770   -0.013978   -0.006791  -0.1345  -0.1456  -7.5228  -2.5532 
2015  11  13  23   -0.013570   -0.010820   -0.010883   -0.008373  -0.0604  -0.1820  -6.8015  -2.9829 
2015  11  14   0   -0.007310   -0.013810   -0.006421   -0.009891   0.0114  -0.2163  -6.0803  -3.4072 
2015  11  14   1   -0.000030   -0.013880   -0.002941   -0.009171   0.0746  -0.1339  -5.3685  -3.8216 
2015  11  14   2    0.004920   -0.012070   -0.000331   -0.006875   0.1371  -0.0504  -4.6528  -4.2281 
2015  11  14   3    0.005660   -0.008260    0.003056   -0.004565   0.2000   0.0329  -3.9320  -4.6270 
2015  11  14   4    0.004260   -0.004710    0.002456   -0.003819   0.1240   0.0342  -3.2058  -5.0224 
2015  11  14   5    0.000190   -0.000240    0.001042   -0.004225   0.0481   0.0330  -2.4842  -5.4261 
2015  11  14   6   -0.002770   -0.000010   -0.001114   -0.004700  -0.0276   0.0303  -1.7557  -5.8231 
2015  11  14   7   -0.005210   -0.001570   -0.002293   -0.007308  -0.0621  -0.0850  -1.0246  -6.2188 
2015  11  14   8   -0.007170   -0.004520   -0.001998   -0.011452  -0.0964  -0.2008  -0.2910  -6.6133 
2015  11  14   9   -0.006240   -0.008770   -0.001665   -0.015658  -0.1287  -0.3183   0.4479  -6.9936 
2015  11  14  10   -0.004350   -0.013020   -0.000106   -0.016451  -0.0695  -0.2999   0.9661  -6.0133 
2015  11  14  11   -0.001780   -0.015570    0.002850   -0.014496  -0.0101  -0.2706   1.4642  -5.0569 
2015  11  14  12    0.002290   -0.015300    0.005154   -0.012276   0.0527  -0.2246   1.9490  -4.1331 
2015  11  14  13    0.007550   -0.014170    0.007745   -0.008928   0.1169  -0.0816   2.7451  -4.5855 
2015  11  14  14    0.010100   -0.011220    0.011228   -0.004802   0.1803   0.0593   3.5529  -5.0192 
2015  11  14  15    0.010740   -0.006760    0.013998   -0.000609   0.2435   0.2023   4.3656  -5.4411 
2015  11  14  16    0.007490   -0.000990    0.013478    0.001328   0.1641   0.2185   4.1341  -5.6706 
2015  11  14  17    0.004130    0.003500    0.009958    0.001585   0.0831   0.2348   3.9117  -5.9041 
2015  11  14  18    0.001590    0.005250    0.006377    0.001807   0.0004   0.2490   3.6803  -6.1429 
2015  11  14  19   -0.000920    0.004800    0.003422   -0.000423  -0.0561   0.1150   3.4827  -5.7840 
2015  11  14  20   -0.003140    0.002880    0.000923   -0.004443  -0.1122  -0.0199   3.2759  -5.4241 
2015  11  14  21   -0.004590   -0.001690   -0.000089   -0.008531  -0.1690  -0.1551   3.0756  -5.0684 
2015  11  14  22   -0.003760   -0.006560   -0.000146   -0.010650  -0.1196  -0.1877   2.8465  -4.7183 
2015  11  14  23   -0.003760   -0.009710    0.001502   -0.011262  -0.0712  -0.2170   2.6147  -4.3727 
2015  11  15   0    0.000670   -0.011600    0.003113   -0.011778  -0.0235  -0.2429   2.3804  -4.0317 
2015  11  15   1    0.004500   -0.011440    0.005408   -0.009858   0.0537  -0.1418   2.1435  -3.6952 
2015  11  15   2    0.009720   -0.009870    0.007467   -0.006207   0.1303  -0.0379   1.9069  -3.3708 
2015  11  15   3    0.013000   -0.005360    0.009601   -0.002525   0.2084   0.0670   1.6882  -3.0567 
2015  11  15   4    0.013370   -0.001360    0.009948   -0.000686   0.1466   0.0735   1.4763  -2.7255 
2015  11  15   5    0.008400    0.001200    0.006424   -0.000167   0.0830   0.0805   1.2543  -2.4208 
2015  11  15   6    0.005380    0.003230    0.003631    0.000345   0.0195   0.0861   1.0403  -2.0951 
2015  11  15   7    0.001210    0.003370    0.001009   -0.001497  -0.0367  -0.0325   0.8255  -1.7712 
2015  11  15   8   -0.002540    0.001300   -0.000749   -0.005049  -0.0925  -0.1518   0.6072  -1.4331 
2015  11  15   9   -0.004380   -0.001570   -0.003343   -0.008598  -0.1485  -0.2730   0.3745  -1.1102 
2015  11  15  10   -0.004410   -0.004400   -0.003037   -0.009169  -0.1031  -0.2615   0.2814  -0.2230 
2015  11  15  11   -0.001620   -0.005940   -0.002106   -0.007883  -0.0591  -0.2488   0.1874   0.6437 
2015  11  15  12    0.003110   -0.005530   -0.000455   -0.006522  -0.0152  -0.2334   0.1109   1.5287 
2015  11  15  13    0.007910   -0.004200    0.001625   -0.002775   0.0620  -0.0777  -0.4551   1.9421 
2015  11  15  14    0.012490   -0.000630    0.003307    0.002632   0.1393   0.0795  -1.0446   2.3103 
2015  11  15  15    0.015990    0.004320    0.004322    0.008001   0.2173   0.2352  -1.6159   2.7077 
2015  11  15  16    0.015220    0.008530    0.004347    0.010907   0.1598   0.2653  -1.1639   2.8787 
2015  11  15  17    0.010940    0.011810    0.002557    0.012131   0.1006   0.2987  -0.6871   3.0361 
2015  11  15  18    0.003980    0.014760    0.000770    0.013447   0.0405   0.3347  -0.1898   3.1872 
2015  11  15  19   -0.003000    0.015520   -0.002563    0.011653  -0.0320   0.2076  -0.4304   3.1970 
2015  11  15  20   -0.006910    0.015470   -0.004311    0.007630  -0.1049   0.0841  -0.6601   3.2160 
2015  11  15  21   -0.009270    0.013580   -0.007599    0.003649  -0.1786  -0.0400  -0.9418   3.2439 
2015  11  15  22   -0.010140    0.009450   -0.007665    0.000871  -0.1457  -0.0996  -1.2291   3.2749 
2015  11  15  23   -0.009500    0.005610   -0.006738   -0.001088  -0.1130  -0.1610  -1.5413   3.3085 
2015  11  16   0   -0.005580    0.001670   -0.005117   -0.003060  -0.0813  -0.2226  -1.8455   3.3356 
2015  11  16   1    0.001060   -0.000240   -0.003719   -0.002295   0.0037  -0.1395  -2.1563   3.3529 
2015  11  16   2    0.007070   -0.000740   -0.000669    0.000421   0.0890  -0.0564  -2.4501   3.3720 
2015  11  16   3    0.008190    0.001280    0.002387    0.003113   0.1744   0.0268  -2.7439   3.3910 
2015  11  16   4    0.005640    0.002530    0.001988    0.004913   0.1416   0.0627  -3.0377   3.4101 
2015  11  16   5    0.004230    0.006420    0.000348    0.006107   0.1095   0.0985  -3.3338   3.4454 
2015  11  16   6   -0.001650    0.009590   -0.002045    0.007351   0.0772   0.1356  -3.6341   3.4838 
